4.683693072  3.472842766  36.14473988  -10.15279772  
4.225906398  3.133405251  15.02428887  -7.422660021  
4.210494112  3.121977421  7.967360985  -4.570211778  
4.108943287  3.046679992  29.64641312  -5.626344982  
3.919874236  2.906489959  8.41438643  -6.674306005  
3.902989178  2.893970106  31.07366039  -20.60728916  
3.901591705  2.892933914  5.61769209  -7.651112624  
3.277244383  2.429995791  4.84956414  -5.343473986  
3.115717986  2.310227956  18.02141691  -8.156155059  
3.062412721  2.270703418  3.791807595  -2.132169642  
3.020904761  2.23992629  3.782339464  -9.795515859  
3.002955328  2.226617229  51.55236017  -24.8632344  
2.955132384  2.191157697  5.350307446  -1.893020993  
2.821073186  2.091756112  3.558790748  -1.524107472  
2.719721382  2.016606251  24.2268482  -4.939190608  
2.685002484  1.990863046  3.471931285  -1.044973537  
2.670188771  1.979879043  3.493092918  -0.5508309444  
2.662936268  1.974501492  3.089637884  -4.440477708  
2.660850317  1.97295481  2.692666447  -1.086251496  
2.594600958  1.923832546  1.363953295  -1.616896114  
2.592334699  1.922152171  2.564776653  -1.29454571  
2.513258138  1.863518854  5.247399243  -4.633753568  
2.352892641  1.744611798  2.706075506  -2.685945726  
2.339298924  1.734532392  3.140350862  -1.723203938  
2.33726399  1.733023538  3.404982986  -1.558633032  
2.300891116  1.706053951  2.971789655  -1.075426186  
2.265964942  1.680157055  8.712738499  -2.611707194  
2.263689432  1.67846982  3.332985908  -2.165924966  
2.24169995  1.662165162  2.04329937  -1.851729925  
2.234955053  1.657163988  2.820025928  -2.847401082  
2.206023988  1.635712318  2.339422486  -1.042540202  
2.191862106  1.625211632  7.93929075  -2.434562972  
2.093354601  1.552170749  1.693857475  -1.231863362  
1.94097999  1.439188737  1.895853879  -0.9289975086  
1.923297513  1.426077617  4.033660921  -1.386628404  
