0  1  0  0  0  0.2357268909  0  
0.1565961649  0.6760884457  0.1565961649  0.2113980333  0.1947926215  0.3947964793  0.1760384011  
0.2627534997  0.4628719942  0.2627534997  0.3451009005  0.3205764137  0.4975132222  0.2914574847  
0.3570063011  0.3989052551  0.3570063011  0.4610194521  0.4304477661  0.5875574127  0.3928986286  
0.4458169967  0.3611815197  0.4458169967  0.5691095256  0.5332301057  0.6720566006  0.4881125823  
0.530133982  0.3294418372  0.530133982  0.6708154139  0.630203447  0.7518912047  0.5782237466  
0.6081730034  0.2953171298  0.6081730034  0.7633866334  0.7189301552  0.8248411298  0.6610908341  
0.6661420916  0.2265489805  0.6661420916  0.8258401506  0.7808138777  0.8743867585  0.7203782798  
0.7166414297  0.1973704793  0.7166414297  0.8774478192  0.8329344229  0.9154182043  0.7710894729  
0.7524690114  0.1503690582  0.7524690114  0.9076541095  0.8659368823  0.9387069786  0.8050067959  
0.7857999993  0.1391978253  0.7857999993  0.9345713856  0.8958734591  0.9595246879  0.8362309606  
0.8168227729  0.129039481  0.8168227729  0.9584682202  0.9229821776  0.9780044  0.864971054  
0.8398190221  0.1037601  0.8398190221  0.9712831893  0.9401185472  0.9865355474  0.8849511527  
0.8628958264  0.1015651753  0.8628958264  0.9844734497  0.9574365493  0.9958080756  0.9050908025  
0.8806126923  0.08455544378  0.8806126923  0.9905868608  0.9683316746  0.9983832187  0.9195884148  
0.8970761575  0.07941469894  0.8970761575  0.9952967853  0.9778319788  0.9998511515  0.9328607765  
0.9121771128  0.07411626941  0.9121771128  0.9984684801  0.9858180447  1  0.9448029883  
0.9258263294  0.0687098777  0.9258263294  1  0.9921995227  0.9986490331  0.9553356844  
0.9371186165  0.06103317176  0.9371186165  0.9988302675  0.9960360258  0.9945108426  0.9636328023  
0.9485106191  0.06017304271  0.9485106191  0.9979747137  1  0.9909843781  0.9720418944  
0.9558498841  0.04796401109  0.9558498841  0.9925673901  0.999778966  0.9820930795  0.9767747563  
0.9632932392  0.04743723056  0.9632932392  0.987440223  0.9996552506  0.9738156359  0.9815931056  
0.9693171312  0.04277445865  0.9693171312  0.9809688707  0.9981892702  0.9639317529  0.9852323712  
0.9738267362  0.03807746244  0.9738267362  0.9731928902  0.9954160825  0.9523567284  0.9877233487  
0.9779110149  0.03647158685  0.9779110149  0.9652242082  0.9923211397  0.9406711492  0.9899316874  
0.9819037016  0.03569985103  0.9819037016  0.9573464802  0.9891558336  0.9292800933  0.992078217  
0.985757426  0.03478248676  0.985757426  0.9495076544  0.9858740329  0.9180742729  0.9941224145  
0.9887218338  0.03196863371  0.9887218338  0.9410660528  0.9819070462  0.9060081339  0.995564725  
0.9915113255  0.03103562583  0.9915113255  0.9326425909  0.9778051641  0.8940545583  0.9968885396  
0.9938444059  0.02940977414  0.9938444059  0.9240136022  0.9733701603  0.8818143568  0.9979197306  
0.9957508735  0.02792575104  0.9957508735  0.9152252441  0.9686429426  0.8693366291  0.9986942326  
0.997574065  0.02727061437  0.997574065  0.9065296383  0.9638469552  0.8570445894  0.9994083254  
0.9992180003  0.02635640497  0.9992180003  0.8978471343  0.9589116073  0.844777296  1  
0.999764149  0.02318917811  0.999764149  0.8885366415  0.9532687284  0.8312901738  0.9999701591  
1  0.02209181911  1  0.8791883353  0.947441365  0.8176841877  0.9997782619  
0.9999042355  0.02097494797  0.9999042355  0.8698000531  0.9414276008  0.8039305771  0.9994226249  
0.9993734091  0.01971912959  0.9993734091  0.8603424965  0.9352014696  0.7899366322  0.9988804387  
0.9987464239  0.01922921995  0.9987464239  0.8509998695  0.9289262236  0.7761037844  0.9982951087  
0.9982356457  0.01907796036  0.9982356457  0.8418519295  0.9226725484  0.7626025577  0.9977287271  
0.9968601699  0.01708982012  0.9968601699  0.8324827825  0.916071855  0.7484169739  0.9968575148  
0.995675342  0.01704861168  0.995675342  0.8233218532  0.909504724  0.7345963089  0.9960157847  
0.9945011469  0.01672621942  0.9945011469  0.8143100433  0.9029187791  0.72097519  0.9951575278  
0.9926825957  0.01526854913  0.9926825957  0.8052139756  0.8961071882  0.706921706  0.9941010572  
0.9910594107  0.01523179884  0.9910594107  0.7963196958  0.8893234612  0.693201318  0.993069063  
0.9889722247  0.01418893157  0.9889722247  0.7874336511  0.8823960607  0.6792537559  0.9919108619  
0.9870719091  0.01414660322  0.9870719091  0.7787442973  0.8754920069  0.6656161463  0.9907731692  
0.9848682241  0.0133427685  0.9848682241  0.7701124466  0.8684879436  0.6518628168  0.9895476254  
0.9826563042  0.013051365  0.9826563042  0.7616304172  0.8614656885  0.6382650522  0.9883061013  
0.9802734739  0.01255785833  0.9802734739  0.7532633845  0.854394378  0.624703867  0.9870214856  
0.9780474311  0.01248861829  0.9780474311  0.7450839704  0.8473383739  0.6114032078  0.9857503154  
0.9757474662  0.01206382998  0.9757474662  0.7370319862  0.8402443333  0.5981609388  0.9844457329  
0.9731623798  0.01137223093  0.9731623798  0.729064637  0.8330743292  0.5848236689  0.9830744218  
0.9707549662  0.01132165095  0.9707549662  0.7212850587  0.8259197663  0.5717350548  0.9817166749  
0.9680015036  0.01049610308  0.9680015036  0.7135729439  0.8186740214  0.5584642659  0.980278831  
0.9652248954  0.01026791215  0.9652248954  0.7060193731  0.8114178152  0.5453317063  0.9788317977  
0.9626609415  0.01024325737  0.9626609415  0.6986547198  0.8041780665  0.5324425522  0.977399221  
0.9600216541  0.009796776247  0.9600216541  0.6914173262  0.7969001306  0.5195600098  0.9759330996  
0.9568011703  0.008540642696  0.9568011703  0.6842034384  0.7894920549  0.5062352269  0.9743526598  
0.9531858937  0.00784311954  0.9531858937  0.6770944246  0.7820259525  0.4927689714  0.9727212476  
0.94969141  0.007756791406  0.94969141  0.6701577389  0.7745616051  0.4794902887  0.9710913772  
0.9462492081  0.007592665103  0.9462492081  0.6633853849  0.7670919259  0.4663513593  0.969456823  
0.9424519878  0.007091184655  0.9424519878  0.6567435509  0.7595869488  0.4531632759  0.9677912622  
0.9387832459  0.007038596554  0.9387832459  0.6502765394  0.7520859375  0.4401660831  0.966129185  
0.9352954797  0.007004407382  0.9352954797  0.6439866282  0.7445909105  0.4273649376  0.9644723647  
0.9319603139  0.006945165212  0.9319603139  0.637871892  0.7371001615  0.4147415801  0.9628193023  
0.9287261858  0.006832905441  0.9287261858  0.6319274208  0.7296093391  0.4022628049  0.9611661754  
0.9255219556  0.006645212603  0.9255219556  0.6261458787  0.7221119418  0.3898834599  0.9595072729  
0.9224121655  0.006516084215  0.9224121655  0.6205332365  0.7146132612  0.3776313996  0.9578472431  
0.9192728717  0.006260814341  0.9192728717  0.6150773417  0.707102527  0.3654342572  0.9561766252  
0.9162752102  0.006179008463  0.9162752102  0.6097950695  0.6995946951  0.3533825993  0.9545085566  
0.9134057046  0.006064338356  0.9134057046  0.6046836756  0.6920873333  0.3414550352  0.952840901  
0.910261254  0.005392872635  0.910261254  0.5996926289  0.6845356579  0.3293455157  0.9511343191  
0.907143039  0.005179066364  0.907143039  0.5948629792  0.6769760499  0.3172994507  0.9494207689  
0.9039586344  0.004899315571  0.9039586344  0.5901898599  0.669404196  0.3052777893  0.9476964616  
0.900951696  0.004845959303  0.900951696  0.5856906995  0.6618355423  0.2934003377  0.9459749656  
0.8980807956  0.004739566383  0.8980807956  0.5813618444  0.6542668509  0.2816352299  0.9442534363  
0.8949416489  0.004176537674  0.8949416489  0.5771708563  0.6466693731  0.2697315986  0.9425066202  
0.8918993702  0.004078256863  0.8918993702  0.5731498221  0.6390715461  0.2579389395  0.9407594974  
0.889063089  0.004042122894  0.889063089  0.5693030716  0.6314772073  0.2462881377  0.9390154388  
0.8863952381  0.003963041763  0.8863952381  0.5656282778  0.6238842943  0.2347531918  0.9372726326  
0.8835452866  0.00346904668  0.8835452866  0.56209984  0.6162701183  0.2231063382  0.9355111483  
0.8808564805  0.003393432369  0.8808564805  0.5587426788  0.6086567654  0.2115720649  0.9337503872  
0.8783369621  0.003307947001  0.8783369621  0.5555565584  0.6010440266  0.200142533  0.9319901654  
0.8755976495  0.002780756256  0.8755976495  0.5525191714  0.5934121317  0.1885757132  0.9302131165  
0.8730992215  0.002753779542  0.8730992215  0.5496545876  0.585782413  0.1771406406  0.9284379791  
0.8705704314  0.002465619562  0.8705704314  0.5469518386  0.5781451495  0.1656934023  0.9266562141  
0.8682730563  0.00242766673  0.8682730563  0.544421188  0.5705094372  0.1543673921  0.9248758119  
0.8657209968  0.001853118148  0.8657209968  0.5420448465  0.5628595106  0.1428698717  0.9230829233  
0.8632924159  0.001739425648  0.8632924159  0.5398374839  0.5552083707  0.1314485496  0.9212889689  
0.8606730622  0.001547171773  0.8606730622  0.5377976826  0.5475547612  0.1200589376  0.9194928452  
0.8584978191  0.001547049459  0.8584978191  0.5359291114  0.5399019335  0.1088026145  0.9176974082  
0.8565302938  0.001493236765  0.8565302938  0.5342309442  0.5322491555  0.09764843989  0.9159020149  
0.8547161125  0.001416125774  0.8547161125  0.5327028482  0.5245961324  0.08658183829  0.9141064062  
0.8532092568  0.00140438541  0.8532092568  0.5313462966  0.5169441696  0.07563598583  0.912311729  
0.8517996251  0.001189442234  0.8517996251  0.5301575819  0.5092899815  0.06469987211  0.9105150971  
0.8506113665  0.001110133841  0.8506113665  0.5291392042  0.5016357836  0.05384460789  0.9087184565  
0.849644213  0.001007250921  0.849644213  0.52829102  0.493981449  0.04305584734  0.9069216958  
0.8488465906  0.0007933726204  0.8488465906  0.5276116145  0.4863257237  0.0322722924  0.9051237135  
0.8482894126  0.0006756737647  0.8482894126  0.5271025137  0.4786699601  0.0215441071  0.9033256976  
0.847988398  0.0005392990162  0.847988398  0.5267644165  0.4710147776  0.01086017314  0.901528192  
0.8478875451  0  0.8478875451  0.5265940686  0.4651845153  0  0.9013337484  
